# collected: 2026-10-06T14:30:34Z
# host: note12
# cmd (root): echo 'pid,comm,vms_rss_kb,pss_kb'; for p in /proc/[0-9]*; do pid=${p#/proc/}; n=$(cat $p/comm 2>/dev/null | tr ',' '_'); r=$(awk '/^VmRSS/{print $2}' $p/status 2>/dev/null); s=$(awk '/^Pss/{print $2}' $p/smaps_rollup 2>/dev/null); [ -n "$r" ] && echo "$pid,$n,$r,${s:-0}"; done | sort -t, -k3 -nr

pid,comm,vms_rss_kb,pss_kb
1792,system_server,670332,333302
16553,com.whatsapp,660300,341354
9322,gle.android.gms,389520,217410
2665,ndroid.systemui,378428,157725
17262,putmethod.latin,370052,202600
27308,stagram.android,343076,161014
24476,ce.officehubrow,303796,99796
3387,droid.launcher3,301808,70000
5302,xiaomi.wearable,255292,100711
16647,chbox:googleapp,229228,76837
18729,facebook.katana,222528,86940
25140,com.strava,213112,38567
28663,am.android:fbns,207520,46861
16402,wearable:device,202504,47810
20165,egram.messenger,199780,21462
21510,id.gms.unstable,194488,38797
16319,android.vending,185036,23044
25840,com.termux,183084,30744
25351,eageos.aperture,176668,17617
19006,m.facebook.orca,169900,39562
26596,ocessService0:0,159352,31328
964,main,157928,7190
17028,ding:background,156020,18069
16073,rs.media.module,153960,33019
27630,system:ui,153404,5535
16342,m.tailscale.ipn,152888,48311
23205,droid.apps.maps,151340,37881
16439,oid.apps.photos,148696,35451
25571,ocessService0:0,147032,20926
17203,able:persistent,145944,16323
10486,m.android.phone,145664,22722
11185,id.ext.services,140152,24642
20308,main,139964,22406
22050,ng:quick_launch,138096,13868
20884,hbox:interactor,133932,17182
24291,ndroid.contacts,129292,18670
2913,rkstack.process,128560,21676
26082,tartup.inDriver,127348,10908
2943,droid.bluetooth,125904,16423
11902,om.mediatek.ims,119744,11472
3519,ssioncontroller,116360,8329
23119,on.gearhead:car,116232,6393
2380,droid.deskclock,115892,6003
2971,com.android.nfc,113448,9677
25579,receiver.module,113144,16713
11910,d.process.acore,111376,7124
26686,g.fdroid.fdroid,111088,2750
23969,.apps.nbu.files,110472,7377
19216,gearhead:shared,109224,7011
18764,arhead:provider,108972,7151
13724,ndroid.settings,108708,8546
23203,apters.calendar,108536,6589
1390,main,106568,20196
27917,id.partnersetup,105828,5603
1250,camerahalserver,105596,87290
22806,android.rkpdapp,105376,4603
18701,oltys.seedvault,105252,3881
16151,pa.dolby.xiaomi,101908,4581
22459,droid.messaging,101752,1257
11706,.android.dialer,101364,1989
22745,viders.calendar,100852,3750
22947,tatementservice,100720,2344
23383,neageos.updater,99952,2116
16598,d.process.media,99780,1702
16225,eageos.settings,99760,4863
9348,ndroid.keychain,99660,2242
2504,i.poweroffalarm,98868,3524
26569,externalstorage,97608,3195
11198,k.incallservice,97416,1917
3036,com.android.se,97260,2127
26460,oid.photopicker,96744,3193
19402,.adservices,96488,1756
1407,main,96436,10516
18546,viceentitlement,96412,1857
24171,.apps.wallpaper,96408,2255
16253,eageos.profiles,96372,2388
22682,ackageinstaller,96312,3274
22376,gedprovisioning,96272,1950
22089,ystem:dynsystem,96044,1735
26018,com.termux.boot,95480,2125
22258,llment.okgoogle,95408,1957
21898,vicediagnostics,95264,1697
21998,droid.dynsystem,95224,1792
22307,ollment.xgoogle,95172,1717
3441,android.smspush,95148,1389
23059,oid.gm.exchange,94816,1762
22891,m.android.shell,94804,1918
22165,nect.controller,94736,1946
11488,sp.deviceconfig,94576,1378
22624,zation.services,94444,1884
22072,ompute.services,94176,1702
23309,backup.contacts,94044,1742
16179,aa.aidl.manager,93900,1973
2850,webview_zygote,82180,1836
1049,surfaceflinger,66704,19649
1220,mediaserver64,29144,7571
1209,cameraserver,26528,9658
1275,binder:1275_2,25724,9240
1042,audioserver,23348,10164
1216,mediaextractor,18188,3507
1916,c2@1.2-mediatek,17084,7978
975,composer@2.3-se,14992,6293
30999,binder:30999_2,13580,4564
980,binder:980_2,13424,11510
595,binder:595_2,12836,5730
1646,mtkfusionrild,12164,6758
1218,mediametrics,10140,4766
19970,sshd-session,9224,3985
962,binder:962_3,8804,3946
1271,pq@2.2-service,8520,2229
2612,wpa_supplicant,8396,4162
536,logd,7444,3522
1,init,7308,2577
1191,traced,7036,2462
1011,android.hardwar,6856,1765
1240,storaged,6628,2199
972,allocator@4.0-s,6568,501
549,binder:549_2,6512,705
1245,wificond,6176,1223
1193,neuralnetworks@,6116,160
594,suspend-service,6044,1574
20187,sshd-session,6020,2620
1326,update_engine,5816,231
615,android.hardwar,5812,995
1047,binder:1047_2,5676,468
1215,binder:1215_2,5672,773
1035,mtkpower@1.2-se,5556,590
1050,ccci_mdinit,5548,519
434,ueventd,5472,1660
1299,gatekeeperd,5444,435
1015,binder:1015_2,5428,1166
11511,bash,5408,2723
1046,credstore,5400,285
1270,mtk_agpsd,5288,693
1117,android.hardwar,5276,551
14571,sshd,5272,3062
986,binder:986_2,5160,514
987,android.hardwar,5124,491
537,lmkd,5060,1281
2179,android.hardwar,4868,445
963,binder:963_2,4796,973
1069,adbd,4772,829
539,hwservicemanage,4768,1122
20343,sort,4712,1151
1039,vendor.qti.hard,4696,425
534,prng_seeder,4676,901
1014,android.hardwar,4676,463
596,keymaster@4.1-s,4592,829
1204,mnld,4492,648
983,android.hardwar,4416,274
1052,ccci_rpcd,4416,45
996,android.hardwar,4352,122
1249,ruby-gbe-app-ob,4312,374
999,android.hardwar,4304,343
1032,vendor.lineage.,4256,216
538,servicemanager,4248,1202
1026,android.hardwar,4240,237
1397,android.hardwar,4216,31
597,android.hardwar,4168,256
11296,mtd_isee@1.3,4164,190
431,init,4128,356
984,drm@1.4-service,4056,135
1212,binder:1212_2,4056,74
981,bluetooth@1.1-s,4012,416
580,teei_daemon,3996,787
1029,dms@2.0-service,3988,416
1278,vendor.microtru,3976,211
1118,secure_element@,3972,347
598,keymaster_attes,3944,178
1345,android.hardwar,3940,243
11293,mlipayd_isee@1.,3912,197
985,gatekeeper@1.0-,3904,300
1272,vpud,3832,2083
979,allocator@1.0-s,3756,223
11290,fidoca_isee,3744,137
1005,secure_element@,3732,94
1357,thh@2.0-service,3728,94
1247,binder:1247_2,3716,26
1349,netdagent,3708,108
1036,nvram@1.1-servi,3700,38
1252,gbe,3696,101
1019,vtservice_hidl,3688,78
11268,batterysecret,3656,271
1037,soter@1.0-servi,3600,44
20223,sh,3520,538
976,iptables-restor,3416,692
11652,svlogd,3388,646
977,ip6tables-resto,3356,719
11651,svlogd,3316,643
11643,runsv,3252,627
11642,runsv,3216,627
1119,mi_thermald,3188,250
1257,thermal,3180,163
11635,runsvdir,3180,642
1274,wlan_assistant,3148,40
621,tombstoned,3120,331
1800,zygiskd64,3116,343
16324,zygiskd64,2976,220
1183,traced_probes,2900,173
965,zygiskd64,2792,154
1384,daemon,2752,77
803,zygisk-ptrace64,2740,95
1550,gsm0710muxd,1948,591
20342,sh,1712,614
982,cas@1.2-service,1632,271
1267,thermalloadalgo,1532,312
99
982
98
97626
975
97
97
964
963
962
962
96
952
945
943
94
938
938
931
93
93
93
928
927
926
924
92
916
909
909
90
90
89
89
89
883
87730
86291
862
861
860
86
850
84242
84
84
838
835
835
8300
828
816
816
816
814
8105
809
808
807
8058
805
804
800
800
80
8
8
793
7875
784
783
782
78
778
774
7737
77
77
763
763
7618
76
76
757
753
746
74525
74
7395
7380
738
737
732
73
73
722
722
72
72
7149
713
708
7068
7
7
7
686
6855
685
682
68
6652
664
6610
656
6526
649
646
6455
639
636
632
631
63
619
618
61
61
609
608
608
606
605
605
604
604
604
603
601
600
60
60
60
6
6
6
6
6
