# collected: 2026-10-06T14:01:24Z
# host: note12
# cmd (root): cat /proc/softirqs

                    CPU0       CPU1       CPU2       CPU3       CPU4       CPU5       CPU6       CPU7       
          HI:       2821       2844       2923       2832       1311       1276       2296       2374
       TIMER:      68360      58212      43385      31535      90060      40172      58391      78774
      NET_TX:          0          1          0          0          0          0          0          1
      NET_RX:       3974       4797       7816       5374       1693       1800       6546       6028
       BLOCK:      15687      16440      16243      11929      14799      14242      52824      58937
    IRQ_POLL:          0          0          0          0          0          0          0          0
     TASKLET:         10          6         15         21         18         24        232        176
       SCHED:     298060     297396     294392     332523     298752      92758     183610     169636
     HRTIMER:        172        154        311         16          0          1          0          0
         RCU:     714755     719973     717507     762373     189360     133113     444511     423289
